1.674825822590697566e+00,7.163233880626822980e+00,2.190688091018577754e+00,7.308156202701499016e-01,6.483180074520955571e+00,8.235398290314565273e+00
1.045678403344002527e+00,7.208433599867336561e-01,3.672136250082114195e-01,6.223432646172461169e+00,7.410542257486707474e-01,3.348645528980632946e+01
6.364302495436366947e+00,7.125672776525859842e-01,1.080257541306913760e+00,9.811778367622945751e+00,3.754689284665003512e+00,5.371676465888917562e+01
7.064757264869011344e+00,1.210847523488745026e-01,3.388606493387515961e+00,1.901076497837276280e+00,8.038145451934466834e+00,-9.055029841018615855e-01
3.158614482564203740e-01,9.565013982994800656e+00,8.025856795798128829e+00,7.925951162883833057e+00,4.334722327556344013e+00,6.063363490963622837e+01
9.362122462436898829e+00,7.375083594590069680e+00,5.720486433693007911e+00,9.078987937796194174e+00,9.971823539029504246e+00,5.887868989973346601e+01
5.197128365147241080e-01,3.532514085020641570e+00,5.126677259564163869e+00,9.437015928202207249e+00,5.590592849466021974e+00,4.079799253473164100e+01
5.412963353010704637e+00,2.965355812876552477e+00,2.934888232081216408e+00,9.601356044054472960e+00,3.211621526359534684e+00,5.784058388032642739e+01
7.090605194509164377e+00,3.497032297458495531e+00,9.317537194328163963e+00,5.214596387214719186e+00,2.201113259047531301e+00,4.797350697064560876e+01
8.709691237460855717e+00,7.746535311811818758e+00,3.970150412371916460e+00,9.773079079915037326e+00,3.505205342861618334e+00,8.476921830221382947e+01
7.140869321324277763e+00,6.613706110704144159e+00,8.709276679577149238e-01,7.573102071344388619e+00,3.725332737595508092e+00,6.236093920174278082e+01
8.017280830697918859e+00,1.851955678674679362e+00,6.170665161178012781e+00,1.616714362369618962e+00,6.871367772396097529e-01,2.802695961993836704e+01
3.394501925428060396e+00,1.741093353340843475e+00,1.138383934766014072e+00,4.769001064679700086e+00,3.695741994267731645e+00,2.631132779769223617e+01
8.148251137465122085e+00,9.839564971339731514e-01,3.452231428016920844e+00,7.183311753720039938e+00,4.642385197392249196e+00,3.986928267888734467e+01
8.011484638467514241e-01,6.603027197013381588e+00,5.074119387178088303e+00,2.473403158190833118e+00,7.227377522388046316e+00,1.679870354388686238e+01
8.948166560605276487e+00,7.643726622217359434e+00,8.742225246851758058e+00,6.406151835488874013e+00,6.567294847216079923e+00,5.658525094344889084e+01
5.475923761537362822e+00,2.650464283250040243e+00,4.935465803401186236e+00,6.666004790466192098e+00,7.087656552291542233e+00,3.325075519250342637e+01
8.172977699624937031e+00,2.094496103091281203e-01,7.022587660316642832e+00,1.626997438085658887e+00,8.363681876857098629e-02,3.102126808954253789e+01
4.523182845183001177e+00,8.217166747642734581e-01,9.928168389990704057e+00,5.650853124527563054e+00,2.176673995805360473e+00,3.562551640770741557e+01
6.435776951965249459e+00,9.678600348450304480e+00,1.314891198979816211e+00,7.716269109786076719e+00,6.616842883998565128e+00,5.850138107548004029e+01
5.264026609361131648e+00,2.954447774774202617e+00,2.747315255195195149e+00,4.988956645359419184e+00,4.839893681797471814e+00,3.002295769935513903e+01
7.315895217553318730e+00,7.692231478381335918e+00,3.945760755976464029e+00,1.210311677610742542e-01,5.313475668345946090e-02,4.220387451903250309e+01
8.162998203058957625e-01,6.246635688542637510e+00,4.218281785388313665e+00,9.038469079292177355e-02,8.044946424318222711e+00,-4.239960371009887652e+00
6.035208399056379847e-01,3.819396396528959237e+00,4.110210752655457433e+00,3.570293439700122029e+00,7.728095732903374149e+00,3.723205049295235547e+00
2.471032340101464442e+00,2.056872621955551317e+00,9.076110025565549577e+00,9.261940684317819361e+00,5.484191629935626366e+00,4.460554837381658189e+01
1.595446801131883419e+00,1.213864181594064284e+00,7.140326444668564143e+00,2.286767796036087930e+00,6.646332577627211968e-01,2.094607017609435928e+01
8.717835665922017085e+00,6.150129680388666031e+00,6.079052140907037938e+00,6.343636888716871702e+00,7.665150495325846691e+00,5.004884290054802420e+01
2.192139873580443155e+00,7.746337806377879609e+00,3.093727178627820873e+00,2.220758706933205762e+00,5.837135877313639476e+00,2.183621993416274520e+01
9.758652558191313275e+00,6.439042535411307000e+00,8.237903842212947580e+00,3.216699896595486052e+00,7.819599771579591518e+00,3.475523159772966864e+01
3.368957917711068450e+00,5.303021332491582918e+00,9.550605114849888722e+00,8.480420896014839727e+00,7.517469923958404188e+00,4.957977856703230657e+01
1.821179156886992834e+00,4.195122343163626422e-01,8.211982825502264660e+00,7.288614422699469131e+00,8.030020719578370603e+00,1.762041298484559704e+01
7.896985071424791336e+00,9.684887775943838761e+00,1.565105191472904167e-02,9.539927731321062865e-01,5.180080664046248451e+00,3.330913931979422671e+01
6.587077755008761137e+00,7.987141916545745346e+00,6.364013701834069892e+00,4.287020209864335740e+00,1.403245181935149910e+00,5.792380139393813465e+01
4.981957164531389814e+00,2.928220367009647163e+00,5.113538144210072467e-01,2.916976364526446819e-01,6.711574733796886960e+00,1.226453760744854460e+00
5.553635509376312562e+00,9.799703293588507336e+00,2.576072203337218536e+00,4.808901466030089722e+00,6.204737850519705944e+00,4.620509739339632915e+01
7.192017782722638586e+00,6.018815896363221007e+00,5.952470034777168628e-01,6.624340117010680373e+00,7.422531871990871721e+00,4.366109374876627669e+01
2.284547413312987274e+00,5.824226582072464353e+00,6.037954529493877232e+00,1.185026235981515574e+00,1.698810060507353059e+00,2.091279812914984859e+01
9.963339160567418418e+00,7.480731794295321535e+00,6.865899134926067404e+00,2.888849389091656672e+00,1.949751999002892200e+00,5.308031739526574455e+01
9.747931621467831320e+00,8.117697880901374674e+00,1.144876380659051174e+00,3.978366255021569486e+00,8.904095172193285279e+00,3.850795825960624086e+01
6.503256863469369264e+00,6.564786073315026727e+00,3.838388830449794842e+00,9.195310246560497447e+00,7.499777984520708429e+00,5.613269557283972233e+01
1.995424509291451320e+00,1.280957463662000251e+00,4.562365089555420639e+00,9.932550154229639716e+00,9.082284887003229557e+00,3.264876850766431460e+01
6.802282424312913633e+00,3.382675059944983964e+00,3.690530217609166108e+00,4.491129899561585592e-01,7.587153211639207306e+00,5.975705453733930028e+00
7.219840897917584321e-01,9.280836403260497747e+00,1.210250004851930461e+00,7.610079234953920135e+00,5.971553059903018656e+00,4.934224098513600154e+01
3.065250220580606477e-01,2.246156118438519478e+00,4.189477901874754551e+00,3.717240664023432117e+00,6.541327370278736453e+00,8.749406101643149469e+00
2.576828885112136813e+00,3.721670238375133444e+00,7.511780478084181034e+00,3.924581862294800327e+00,8.891279239400098788e+00,1.109816518709624766e+01
4.626229567393163045e+00,4.320768829441959724e+00,7.100766453325546568e-01,7.542649733470226714e+00,5.788067545119405466e+00,4.250562741837929792e+01
8.682725054083805460e+00,4.394049896944522082e+00,8.018001408190345014e-01,9.184264321454087110e+00,6.323913243283874053e+00,5.911851408600794855e+01
7.271690697663080627e+00,6.129395824945254923e+00,3.547712918359842149e+00,9.509285945025483855e+00,1.564767160036005800e+00,7.787149949629811374e+01
7.427065211999810401e+00,9.430758377447075347e+00,9.417257116189251320e+00,5.771225860383207618e+00,4.739212201161027593e+00,6.132046427374055497e+01
4.254933344480753554e+00,2.406927118325049797e+00,6.685726467229140546e+00,3.571211593005028107e+00,7.163971119580989644e+00,1.588608869241497956e+01
3.459349925469629383e+00,1.215013763009180625e+00,6.786699566725648225e+00,7.875490858587792076e+00,2.709426983163654157e+00,4.663548384805086044e+01
3.710387629846026769e+00,1.974704898599373148e+00,3.619199908378649688e+00,2.510013832623002372e+00,2.022541805245348989e+00,1.753705109990350763e+01
9.876495637360578783e+00,8.869249002092695733e+00,5.936607912085384520e+00,5.640740288335177155e+00,3.138268082244155543e+00,7.043608756189713915e+01
4.010919141248248110e-01,6.458108126552060568e+00,1.013118402774337845e-01,3.585784615248731377e+00,2.415006279928334720e+00,3.023855888714104978e+01
8.670314961224486083e+00,2.859067892391601085e+00,6.360960464095422040e+00,6.566310737078761228e+00,2.149126370363958483e+00,5.633346827245387090e+01
5.786754085723933905e+00,8.159469389686172747e+00,9.132869475762367628e+00,2.403989128935068997e+00,4.248508428680869642e+00,4.228726528431076304e+01
4.386154191895904830e+00,8.613699963634360302e+00,6.125734683448191831e+00,1.915929457348257703e+00,9.078385138835340484e+00,1.727742009219331365e+01
7.252576604151364847e+00,8.465143386902781231e+00,8.736985934663451303e+00,9.182390866754371217e+00,5.070596467387183282e+00,7.355035926309803074e+01
4.866689414247028722e+00,9.189265336395544992e+00,7.239730554660938289e+00,1.018036829495369000e+00,1.879203808153230293e+00,3.979651544627690640e+01
8.734232380816605357e+00,2.522410201733615853e+00,1.205584164036902495e+00,5.059579077349316556e+00,7.697166938087407484e-01,4.705972571192400977e+01
9.007018640112585572e+00,7.550419287462783124e+00,9.024533072858417881e+00,2.208527829630089201e+00,6.961561451379251864e+00,3.880538962472903108e+01
4.217209268734554151e+00,4.605394972741399862e+00,6.644384435577488368e-01,3.892996332566744933e-01,3.827987644363878061e+00,1.133181372301033640e+01
2.768277972350515981e+00,8.419985528900614469e+00,5.339674725477637551e+00,3.601881829142639102e-01,8.218309465853593565e+00,9.501268852178499813e+00
5.923503285933621854e+00,7.284906771616132204e+00,1.421371237934576648e+00,1.752217721058273447e+00,6.595107686407701841e+00,2.379695611495714758e+01
9.123633456166910349e+00,7.764474464997245917e+00,1.170661073090406568e-01,8.667703545060001957e+00,7.962414505413685006e+00,5.864619851788685168e+01
2.106621890056665780e+00,6.561618376810715247e+00,4.220342601276390049e+00,2.824787439770266584e+00,2.719460394184487484e+00,3.118246480396901887e+01
6.229665835634827786e+00,1.774287694697068707e+00,2.950407076541562645e+00,9.504591705752957864e+00,6.923589224610581461e+00,4.664449567106505157e+01
6.315602200925205523e+00,5.450269188969382839e+00,4.860004937976030170e+00,5.816222929891935678e+00,2.640619846937187987e+00,5.190554873762966537e+01
7.331130224152810015e+00,9.846697395245081808e+00,5.771998867345508266e+00,4.366141897687660922e+00,9.390684794502915267e+00,4.056023345484327791e+01
1.315676851272598036e+00,9.373880664971188992e+00,4.373907230894735765e-01,5.800888346694545561e+00,6.363742815333743863e+00,3.982624012157825177e+01
7.158249646820885381e+00,4.317373579701166975e-01,1.230032951237456373e+00,5.166983852262677424e+00,3.245118001753421133e+00,2.929735248086243971e+01
9.090325206656409307e+00,1.648148157294371252e+00,5.586423964504253270e+00,7.587762537573251365e+00,2.695118622922726637e+00,5.641495010922461262e+01
1.796831088702419699e+00,1.317287734545619093e+00,3.431673531726582294e+00,2.824960659728522394e+00,1.909265850716435065e+00,2.116823403669277681e+01
2.375433249238776412e+00,7.259799099852955351e+00,7.291734875494480406e+00,3.530503916003024045e+00,6.946409588937277668e+00,2.702622531055382638e+01
9.713950940416395952e+00,8.177853298569450757e+00,6.522916485919396656e+00,8.940943025332506622e+00,2.187156129979273000e+00,8.581669499072064866e+01
1.809769527094897690e+00,2.135113663106719351e+00,8.456043629899067327e+00,9.464565131504054207e+00,5.953032659274891003e+00,4.510207504838879800e+01
8.543850933695791738e+00,5.058526929518290416e+00,6.924928266692252699e+00,8.925582274864744647e+00,2.646350269253573195e+00,6.987594636276217841e+01
4.922778564480347896e+00,8.407030280112000042e+00,4.299310773901481753e+00,4.194479939573136029e+00,6.619689447938686300e+00,4.173466402655626695e+01
2.472310744031770646e+00,7.328015447662505899e+00,6.729666223944324344e+00,7.803655030068816778e+00,8.149397285405392211e+00,4.526824182999672530e+01
8.707499012725113730e+00,5.422372054918483286e+00,2.753811742554185038e+00,4.763357333010987738e+00,7.780252431446531780e+00,3.879876323037633767e+01
4.453052550026654899e+00,5.903476904587728669e+00,3.063134987782127006e+00,4.975398521461022128e+00,7.608513309307816996e+00,2.873348999604123932e+01
5.148173539296902135e+00,5.083605469162799650e+00,7.889851599207933219e+00,2.046801090572839321e+00,1.877224056922520701e+00,3.773054641289844824e+01
3.592333693997656674e+00,2.975484513188205504e+00,4.464195164015821504e+00,5.911303032585164985e+00,8.838494698451870857e-01,4.679849625102767163e+01
5.929508514349274506e+00,5.650219928590161089e+00,7.983803405183524937e+00,1.861358977533479342e+00,6.989488284873855761e+00,2.224598872181135079e+01
1.635238725850227670e+00,6.888853020500906865e+00,8.224223736682784391e+00,3.315646990671937466e+00,3.683472137943513136e+00,3.404501582978000584e+01
3.910815366517606861e+00,8.733229158608077469e+00,8.575623376612837134e+00,8.550302016199351485e+00,4.323462264033473446e+00,6.759319594991329438e+01
9.694123223352875129e+00,6.362913539792480755e+00,9.166352358412073187e+00,2.070758092108552439e+00,3.114909279339106440e-01,5.488054423897800405e+01
2.581334327011275409e+00,7.611215370431580141e+00,4.309852205132962411e+00,7.115828517343281145e-01,2.595764492750491925e+00,2.620258138800003067e+01
6.567366645412922033e+00,1.600716349545729944e+00,3.188668183211388119e+00,6.900759261281630419e-01,3.367640387446402261e-01,1.803716453830131883e+01
3.251900642246948969e+00,4.615574744197898482e+00,5.821987465941138140e+00,9.407845205031078351e+00,8.791857726012477059e+00,4.169079917376212308e+01
7.734731256866006710e+00,9.331619827093295960e-02,3.711724234376275966e+00,5.069204379618346579e+00,2.433966832185304519e+00,3.527770312288327403e+01
1.308736607183498268e+00,2.466788645216229980e+00,6.010741668002329341e+00,4.094120718170183082e+00,5.573371695730080511e+00,1.739369645400863362e+01
9.698210450785447634e+00,7.264617151130048356e+00,7.055858626438245906e+00,8.108785810079183420e+00,3.897932066113041216e-01,8.397957412094237384e+01
4.537895413836392500e+00,9.918099513493634944e+00,6.884050184921369109e+00,8.358259279105160644e+00,6.668473913056580216e+00,6.649593069655774968e+01
2.360504633464639568e+00,9.917809958721590657e-01,3.745528870201213500e+00,3.321910331156046059e+00,3.230273457540938864e+00,1.258564424472652732e+01
7.349674733001265725e-01,4.014943158612882534e+00,1.668602016987528192e+00,6.936180574737952576e+00,8.979191869576657936e+00,2.237956856890276924e+01
1.697579050875407392e+00,8.000709686991594793e+00,4.305293384622075337e+00,7.711228158518865783e+00,8.881181889340357571e+00,3.782657052883557469e+01
5.197739485560176398e+00,2.040356346288988654e+00,1.425941440819087358e+00,6.546506868659545120e+00,3.252906183617477964e+00,4.172275911381048985e+01
3.370031764312862776e+00,5.550849493022862902e+00,8.900970351838083161e+00,1.515950748000993720e+00,9.009608956904678223e+00,8.205106624020286787e+00
8.288833658826094464e+00,7.330712960296748015e+00,3.458774607378574117e+00,8.758830835170570595e+00,9.961576734987788839e+00,5.504783741716943979e+01
4.308875236618058935e+00,6.159854502601790571e+00,1.544597472233237845e+00,5.390945527360086587e+00,8.254156641239481118e+00,2.833410450906057321e+01
2.487142725876299032e+00,1.880247346154161336e+00,2.544775990575087743e-01,2.824724263700036708e+00,8.448713477552288964e+00,2.078677038902658314e+00
6.171449866040300769e+00,3.553845686857393993e+00,6.458223862864842957e+00,4.252281854376938952e+00,2.490087361090899343e+00,4.210814524081489907e+01
7.067772168854458137e+00,7.837917844853972582e+00,6.369023174547432831e+00,3.757109039890738078e-01,5.767023988577562932e+00,2.657838061978100797e+01
1.670419079009498597e+00,5.542265141320166677e+00,3.406041665812916897e+00,1.278668012224175587e+00,6.725591396736785299e-01,2.578728256325891621e+01
1.676192162883176628e+00,5.229613542912736612e-02,7.171188884765100635e-01,7.655467505158608077e+00,9.491793682166971280e-01,4.045734616802521089e+01
3.667142693354297212e-01,7.609907600280938489e+00,4.096288948952320652e+00,1.163475536614111405e-04,9.988926120332905612e+00,-5.768685945215270117e+00
7.364020150656404695e+00,3.531135494023907029e-01,3.112174950633935566e+00,4.165658284822921331e+00,3.266392494259109380e+00,3.008369368421564971e+01
6.638045276218051072e+00,7.457337827312321643e+00,6.771206397350093553e+00,5.225101810855884210e+00,7.481839120488463557e+00,4.601266071450997686e+01
4.746308757498138853e+00,2.024805601652373888e+00,6.057792494526903937e+00,5.463442000097229467e-01,8.066650530268164587e+00,-7.310789035806535274e-01
8.441704489691971958e+00,9.580734801193802497e+00,3.645937281975399902e+00,9.730781629723328052e+00,8.580232710072291269e+00,6.890258710273801057e+01
8.056701529500532644e+00,3.679407513020844789e+00,2.178925542549901007e+00,2.261253312496719126e+00,9.976282974021565053e+00,1.034134064430365285e+01
5.853543643967521248e+00,3.269316163380791007e+00,9.880359661555917938e+00,3.041987196362808454e+00,2.414964852568678211e+00,3.183397394544608972e+01
8.682712805132586809e+00,1.488880503324446769e+00,4.540016211961148684e+00,3.039425122550273528e+00,4.035082685969970662e-01,3.923345665553080863e+01
2.058412100367682740e+00,3.056042154902148589e+00,6.882742357802370314e+00,2.304166621173498797e+00,4.111915179945859755e+00,1.681261623609799116e+01
1.119196193977278764e+00,8.766507618282005865e+00,1.405529675783607768e+00,1.473822086311415980e-02,1.300806698289469487e+00,2.167231841107521362e+01
2.697496115169895958e+00,9.963343376272472796e+00,4.855896996593978443e+00,7.293447940879963731e+00,2.242588916205512373e-01,7.118386619916762470e+01
5.708685608931485245e-01,3.683095305068483150e+00,2.753671986946548689e-01,9.668454997992853350e+00,3.604268271414861058e+00,4.929189901857122180e+01
5.311695280010320097e+00,4.486106309545425219e+00,5.054551179104499248e+00,2.242934832850450810e+00,7.837382510752364695e+00,1.370979221592266839e+01
9.366056922949614005e+00,7.220709382027370893e+00,9.640174071177023407e+00,6.630471918034224643e+00,5.661806912250709090e+00,5.896231401015123907e+01
3.934354066850964671e-01,8.861957804650744563e+00,3.842067129858002250e+00,7.418963269587150577e+00,3.127779892103540682e+00,5.778321192258091799e+01
1.221099140100267988e+00,5.930443341867841056e+00,3.899601257491158712e-01,8.484253790905247783e+00,6.543420054927197249e+00,4.372246437630428062e+01
4.521990282834353003e+00,3.915256981778293621e+00,3.095579091934352878e-01,4.226291970136091258e+00,2.320181803088106953e+00,3.472690664305940800e+01
9.338750175279049159e+00,4.126218408486237443e+00,3.879867599468695083e+00,3.029309056404292377e+00,1.438144607208502457e-01,4.619960827529334324e+01
3.161561049767505072e+00,6.956181464968068440e+00,1.600249364631940452e+00,3.252951340230310961e+00,7.643533864364274066e+00,2.342336053764704218e+01
5.072348086883923912e+00,3.218263604278681633e-02,2.335209632818591174e-01,7.126213330985128103e+00,6.237430848640091341e+00,3.058759289871909104e+01
4.157285905039209695e-01,6.195893374598407277e+00,7.562136139501768106e+00,8.167794665056360870e+00,7.623026245009599577e+00,4.020297699711388617e+01
1.483432009620888614e+00,3.554930104413573932e+00,4.585230088818907035e+00,1.816139677566026567e+00,3.893801668766561086e-01,2.261249342978247512e+01
9.866301229588469113e+00,7.941973312770842952e+00,2.892447719726545241e+00,3.709410081577652285e+00,8.371196278306522132e+00,3.942062316114542142e+01
9.651186964360455534e+00,9.299063982313215959e-01,9.000831830164807812e+00,9.019401967491500471e+00,6.195262000363033650e+00,5.238767411537170915e+01
4.939980934409615720e-02,5.882022669483904842e+00,1.161389602005256094e+00,8.066935196947392583e+00,5.633953507126401306e+00,4.147958349017382318e+01
9.518117854232389874e+00,4.809728898861237667e+00,9.559188289553192774e+00,9.848584027624758264e+00,6.246140481145316059e+00,7.022882154796228349e+01
6.391199378155003608e+00,6.423255259052274013e+00,3.139667173773528219e+00,7.542482596820807572e+00,8.644332468683641579e+00,4.158270152339211734e+01
8.679182945200221155e+00,6.485359448296834639e-01,8.884036723086811804e+00,3.931952010279222698e+00,5.869365065589070340e+00,2.843426159076714299e+01
4.547398556338590581e+00,5.799837874281312367e+00,6.029428764794615425e+00,5.906378339946377842e+00,5.809503798881793024e+00,4.175776646966362193e+01
5.155960285792502873e+00,5.614845879595237399e+00,8.267073597414874797e+00,6.610142542473202987e+00,9.906791570657658141e+00,3.379734672034684451e+01
4.888465802569202268e+00,5.606600944161709066e+00,9.840131632104643700e+00,7.845581631712394977e-01,7.567301670685679937e+00,1.255921774903211130e+01
6.668642575461043442e+00,6.034876665964548081e+00,2.884054378187457246e+00,5.444969591038651302e+00,4.422938054511353023e+00,4.676483483960969068e+01
1.396512547563129036e+00,6.764679372263621815e+00,9.611354854075930376e+00,7.093208284726095769e+00,7.073970000329277141e+00,3.867446945470788222e+01
2.997358987267795261e-01,8.049889996807698012e+00,3.894818949024203558e+00,1.673213040010603780e+00,3.892304716917884821e+00,2.637557876659459311e+01
3.079299415911909144e+00,2.698207201282143419e+00,3.855119047369223395e+00,7.806317174255571700e+00,2.288754624834989926e+00,4.842875322066898747e+01
7.046807627366467486e+00,8.250494101800621038e+00,3.403871042545056902e+00,5.837727805141116555e+00,5.968518768877594027e+00,5.271612006137488748e+01
2.018534521229483403e+00,4.982556822634536253e+00,5.414076073475851736e+00,9.522217856975945693e+00,9.281820981139514259e+00,4.336050342970977312e+01
6.734324333249173122e+00,7.705827913433116461e-01,1.541450431784870956e+00,4.242229820689169539e-01,9.291395200154626721e+00,-1.124427334881917950e+01
9.699120461072704202e+00,5.855092924397919951e-01,5.537114853580112239e+00,2.653261375554669677e+00,3.419052781054903178e+00,2.787941855893393495e+01
9.390071578941838748e-01,3.342383186960607766e+00,5.417048124100039885e+00,6.015538792998240680e+00,5.276774662216949352e+00,2.832577573526298309e+01
6.726021182251262331e+00,7.848969771114675531e+00,7.619018126048699990e+00,2.965599122059306758e+00,2.116358985698612027e+00,5.098092094450458234e+01
4.437502193045711252e+00,7.076809347409157347e+00,8.336499619375855374e+00,7.144241640712421848e+00,9.956311094988834043e+00,3.587150231589943417e+01
8.681422543775052958e+00,7.886149646724064155e+00,4.404413503124240847e+00,7.590052825219309796e+00,9.811179078679357346e+00,5.154203906886036890e+01
1.771497894473859080e+00,5.172690564416093650e+00,3.023332493514937269e+00,1.025159640664744520e+00,6.495089297074473578e+00,5.007622729485841973e+00
6.926259522261645429e+00,4.401989979554905119e+00,2.593348973170944483e+00,5.138544642067676804e+00,8.044140596774733254e+00,3.077999079105597602e+01
8.381152896481102843e+00,1.474525267062839484e+00,1.946238367048719331e+00,5.088905555910558931e+00,7.151001612836999755e+00,2.709061209345328081e+01
9.446142194740232867e+00,3.281927536093115272e+00,5.764758219902488268e-01,3.692807702155410432e+00,5.931582190394681930e+00,2.828034505870389026e+01
6.832480282896458590e+00,4.340193661738752873e+00,3.424479788347133180e+00,9.329248625696720865e+00,5.334799698889769459e-01,7.201923693564732787e+01
4.971747640084273279e+00,8.860042967961723193e-01,2.702476921307832569e+00,8.275063198732212300e+00,4.547643425526610272e+00,4.146380161117755847e+01
6.178472402012138431e+00,2.206119527112112344e+00,9.664173858664073080e+00,6.972093819096367717e+00,6.747863021674104900e+00,3.663098589052175669e+01
8.689049844787181343e+00,5.982252940637388328e+00,5.577088262500438987e+00,7.143266357349975948e+00,6.775316138836846136e+00,5.518775340388033612e+01
5.706097466388296624e+00,7.356631142391898415e+00,3.472770390305075505e+00,4.617161438131191176e+00,3.731226184223835673e+00,4.637218779219438147e+01
3.038705969683686003e-01,9.983475113929497269e+00,5.804676009936960313e+00,9.209945210965758022e+00,9.416919866580306220e+00,4.544549455713830355e+01
9.309486955069777636e+00,9.331133313435577392e+00,1.391967013456955060e+00,6.945954272532853579e+00,1.673570322367810004e+00,7.626777363949197763e+01
6.895267510315611581e+00,6.425651995351914891e+00,4.440437492022029531e+00,7.289810616558164647e+00,5.003594462155605882e+00,5.464889180733403862e+01
6.765133857772465120e+00,4.212480532940720224e+00,6.262343214210638109e+00,8.616909037873451638e+00,6.908839765508227870e+00,4.839435518339310249e+01
2.156751523977171736e+00,6.361773647082326733e+00,4.888978317924514094e+00,2.740715893421910021e+00,6.971358058918092127e+00,1.615796516207370814e+01
6.588854702326571555e+00,7.856516180802319838e+00,4.017788006543242751e+00,8.070709038667029489e+00,6.486389567688155111e+00,5.986934538426835672e+01
3.938644056541584781e+00,1.183361909233873188e+00,9.938483888996982429e+00,1.952406029564920376e+00,2.752882134518601642e+00,2.055728118604854160e+01
6.512329770414920560e+00,4.099048896962882438e+00,8.803147621489269881e+00,3.453419522448878176e+00,1.562065686866219716e+00,4.293064954183881810e+01
1.065930303079907215e+00,8.398022856356172738e+00,6.234059581594401322e+00,3.356104542698426840e+00,6.359403268267108444e+00,2.693226509828486215e+01
6.578453046030360518e+00,3.838329519330439865e+00,5.693773611822827263e+00,9.785254683891405847e+00,5.993021161394377572e+00,5.937779978157875860e+01
9.994137257706665167e+00,5.718722712271865127e+00,6.206604798245840549e+00,8.565372237479268236e+00,1.793560102892409747e+00,7.677574530963296695e+01
4.821203886055602794e-01,5.877693608621981980e+00,2.013121078224332727e+00,7.011698615902597354e+00,7.051391455705633859e+00,3.211900011625903062e+01
9.771741842213172546e+00,1.844762531336393563e+00,3.951377432643186083e+00,7.270567616153901014e+00,4.551719917336564336e+00,4.744241298705095744e+01
4.069079607228705875e+00,3.622354416522883813e+00,3.945953289089931815e-01,5.620727944025710521e+00,6.677605916031529532e+00,2.376968448701108727e+01
8.707534503372592383e+00,3.345112887419321446e+00,4.755460374868266449e+00,9.470906671085190354e+00,8.373670797701507240e+00,5.128181140563982154e+01
7.823854840582734838e+00,2.619670853206479411e-01,5.430245839576631539e+00,4.962587528823615202e+00,1.697284285769231627e+00,3.918592562356637643e+01
5.670162609866677528e+00,2.419176389135524463e-01,2.277497361032096101e+00,3.805177098698945493e+00,1.914486799683667861e-01,3.146311893054991060e+01
7.384492092513265327e+00,8.316970436757735285e+00,9.640288471655138025e+00,1.630353369315910017e+00,7.791025863957868225e+00,2.848679512993853535e+01
8.785155613013479581e+00,2.730708099728124338e+00,9.094546109372419807e+00,7.862056522610579634e+00,6.096974251526159350e+00,4.943757631697840083e+01
4.041403216510329521e+00,5.180787662388154580e+00,7.221432354559058631e+00,7.344439320755914657e+00,6.996395696221217264e+00,4.418538749595050774e+01
3.270331615632386946e+00,2.987255735887730523e+00,5.333866287653625804e+00,3.843550385241348621e+00,8.381549749886424650e+00,9.608202419409085593e+00
6.675933855635847181e+00,9.406792451153405565e+00,8.699691596476849753e+00,2.519341395922936044e-01,8.028109348245004995e+00,2.464948934388373658e+01
8.078459419412585163e+00,2.592967588657737465e+00,1.306523438234629131e+00,8.389973277180107658e+00,9.609201469288246145e+00,3.570691126409804639e+01
7.622851347766157915e+00,4.296568127389351233e+00,7.905097942748850137e+00,1.141798345407363247e-01,5.359350788521181741e+00,1.507593238150886705e+01
7.978136488586344832e+00,8.727302504846019104e+00,1.248208139668482985e+00,7.036997796290509477e+00,4.884956326599053433e+00,6.035883418196902284e+01
4.355833148129329757e+00,8.419335667918087296e+00,7.942106625494053773e+00,9.702571097260570099e+00,4.018871998907300735e+00,7.339416180856962058e+01
8.178342161750215666e+00,1.861014178462773172e+00,2.757675682513569537e+00,4.376613281482034878e+00,1.536910428442045395e+00,4.254152473918553312e+01
1.202090553706084419e+00,8.026433097957104579e+00,8.770905810181888640e+00,2.349734049959527837e+00,5.726072328820224655e+00,2.647064274659929950e+01
5.444890979608495662e+00,4.581868867378926069e+00,9.440420938253978989e+00,7.048710100433817516e+00,2.770125243259787595e+00,5.824561802692655021e+01
5.758660498121570548e-02,4.829688720853551942e+00,1.487959694051156356e+00,8.171281420155851904e+00,9.213075122129755101e+00,2.960968604580653007e+01
3.245858299002702729e+00,1.334799724159437817e+00,4.626756050653934693e+00,5.464303160778473334e+00,5.831908042770975520e+00,2.042794581432939083e+01
3.664615348713978982e+00,8.060151375712465427e-01,9.809873781626851752e+00,9.670352752561461429e+00,5.928401805081101372e+00,4.455719289986401321e+01
3.961726916092553896e+00,7.279393069737651878e+00,4.834074359731466153e+00,5.166872165796110306e-01,3.549246608770100231e+00,2.255396821961662113e+01
6.954672066898622163e+00,4.964611523552997951e+00,8.635475225145452072e+00,5.047955983045281592e+00,5.198935197770748751e-01,5.946216548100222354e+01
3.885581012703457127e+00,4.368507026151795536e+00,5.887315221313198066e+00,7.184539473225500572e+00,3.174376537298861933e-01,5.639714782660411174e+01
4.486936226225306967e+00,7.295082286523967063e+00,3.753299079196018795e+00,8.626404711491789001e+00,4.233351441531975290e+00,6.495513346326177384e+01
2.375441308743274860e+00,7.655128989911097470e+00,2.857835555258701810e+00,1.792556119077900467e+00,8.456537809723785326e-01,3.735691435753909673e+01
3.732517916293400795e+00,1.589081676693535616e+00,2.032230910860872708e+00,8.000034817636814566e+00,6.068469555401390991e+00,3.870240214350992147e+01
2.272696272631514525e+00,6.102251494776412599e+00,7.617981913776972647e+00,5.527070757185452266e+00,8.809730056396574582e+00,2.704792841795929803e+01
7.319592376844363812e-01,1.353540822776855279e+00,3.865405068230278740e+00,3.965536819899631915e+00,8.829148165187222119e+00,2.222127400911395601e+00
6.034485933813779290e+00,7.513750860290456579e+00,5.112754622007511074e+00,1.317150285790935627e+00,6.590454101322324121e+00,2.854429455756807243e+01
6.682127985550162741e+00,6.569551562671395395e+00,4.923254800011819476e+00,8.652957589089124824e+00,2.112318314729310309e+00,7.122708770651071575e+01
6.194903460096145231e+00,9.566146210834579833e+00,5.772790292331312578e+00,1.572732081797153514e+00,8.629968313588721074e+00,2.287831567201656568e+01
4.634940438005723529e+00,6.895801635642118121e-01,8.655771456245522799e+00,3.097878592090992367e+00,8.860934353132082109e+00,8.130769280700294033e-01
3.797857801792297927e+00,5.705472115125431731e-01,9.807393435834294237e+00,2.900455319624368755e+00,1.966535849529587043e+00,2.423914706329511759e+01
8.633336495718252124e+00,2.821870746932001239e+00,4.075842085738169196e+00,8.714140341908542808e+00,7.374260857706772754e+00,4.545182499540681675e+01
5.190817851362180768e+00,2.617056837359059696e+00,8.275189221063030232e+00,6.727029942088980086e+00,2.865195489271229690e+00,4.666532596208842421e+01
4.791818776297310123e+00,2.469787990719998216e+00,7.645277946547176740e+00,7.966813971913722980e+00,8.026403123529297190e+00,3.744512736108684692e+01
2.564206580643568767e-01,9.062545805210366012e+00,5.735289514555732993e+00,2.504678987924989997e+00,9.972378999036026315e+00,1.354473250521437144e+01
3.412478276261563526e+00,2.495461998495061007e+00,9.560471436119330590e+00,6.248740996069988896e+00,3.002600532939281308e-01,5.028539281490447621e+01
3.801956187858570591e+00,2.719497261286309975e+00,2.004745155284028080e+00,5.717459831437486706e+00,8.973658657909318492e+00,1.887567963227926882e+01
3.988227808969004862e+00,7.593982624179637320e+00,1.092642103096214123e+00,8.328303767882710318e+00,6.226305335986580758e+00,5.682505900010562527e+01
5.801723692273323074e+00,4.497398424505400172e+00,8.539619669554221915e+00,9.060870604812604867e+00,9.733826191648212500e+00,4.356369418048075204e+01
5.336025467268784794e+00,7.767105569551811861e+00,4.391498166337482800e+00,1.215677147738680741e-01,4.650095175264276293e+00,2.147267949752118810e+01
6.079050927934446236e+00,6.536615756438524105e-01,8.469688542070604953e+00,6.740199190587926381e+00,8.473879305713737153e+00,2.508796999909252534e+01
7.648832615421282455e+00,4.875711936733843288e+00,8.930902051954149101e+00,5.183579911972902021e-01,6.239406859827723029e-01,3.677060358878452462e+01
8.129857387160935644e+00,3.361360018328263255e-01,6.245759361907143870e-01,5.488586650773559228e+00,3.352790500782957039e+00,3.676576967622475678e+01
7.181230762264943834e+00,6.265320345535452251e-01,8.834647629860606699e+00,2.876327290436782036e+00,6.701653775120997025e-01,3.393297240140545057e+01
9.555236959549347375e+00,9.064374533444109261e+00,4.483190553694221592e+00,3.067765995221412023e+00,9.753431334790704454e+00,3.699071610179293401e+01
1.823258267636163055e-01,1.392453711175951625e+00,5.104324890042322593e+00,3.529585034523565756e+00,8.169739072718368078e+00,-2.123198548213787618e+00
1.957779856835460963e+00,5.324206822752170609e+00,6.265925110932101916e+00,6.212924490496101626e+00,8.525474212459705825e+00,3.184379077559715299e+01
7.562874978142120064e-02,4.110956026007065667e+00,9.263826067300866995e+00,3.340499656687692109e+00,9.379652314338942531e+00,8.726057195080617390e+00
6.474747141546029816e+00,3.473433262588426551e+00,1.911609442976403006e-01,7.326990505902804429e+00,8.510348611978535427e-01,5.901846648341812340e+01
8.980305489499869509e+00,8.998333456872725122e+00,4.768434683178170985e+00,4.045273855738696689e+00,3.855975925133333426e+00,5.956186801204260206e+01
2.434822965762992730e+00,2.182339677548950085e-01,6.877220424305606983e+00,6.835320030995861718e-01,7.103488904400212522e-01,6.936324975765791656e+00
9.270345447963066476e+00,6.637896861755891109e+00,7.227069576982284360e+00,7.837598424841072386e+00,2.107931015500286165e+00,7.388321907486415796e+01
6.026739028956085154e-01,9.633944342135503547e+00,6.925324315371080175e+00,2.857583245927060034e+00,2.293657770376723803e+00,3.950617898702449793e+01
9.344360268055142527e+00,5.601681834618419842e+00,1.344351294081218562e+00,4.327668795992626549e+00,4.691072110475786872e+00,4.517402798305661804e+01
3.516226872396344127e+00,9.368224620330918739e+00,2.993955883716812316e+00,6.854438832219015509e+00,2.685621674536426085e+00,6.074915320592536006e+01
1.014208284492165157e+00,5.225787928602376731e-01,3.587155254170134810e+00,3.324561571487119949e+00,1.009781068177610930e+00,2.049818552622785006e+01
4.858717591863256580e+00,4.187933190741613743e+00,8.044372076795049509e+00,5.658565614671562383e-01,1.674910890941077035e+00,2.684904321685485584e+01
2.567765677205079200e+00,2.601577909620511608e+00,2.787598724145530227e+00,3.739210470128135899e+00,1.472755635520909268e+00,3.000225568959040601e+01
2.848729019619228531e+00,7.308209649807297481e+00,2.107049638672031655e+00,9.444485826943033402e+00,9.730767979122983746e+00,4.727323905266558768e+01
3.072899649262865740e+00,9.812970904972466712e+00,9.574480190380961986e+00,6.417343972985581679e+00,7.592925069184736309e+00,4.770415008420582126e+01
8.030258978326633823e+00,2.565300624442477861e+00,8.863285113468899468e-02,6.714791486672069709e+00,9.677614652695620379e+00,2.664814779857080396e+01
5.391612766752544417e+00,6.541746014740744464e+00,9.978208556819781805e+00,6.322821536376398655e+00,4.397404865079085567e+00,5.631869875337527986e+01
3.113076991560036255e+00,1.980976327597401276e+00,6.768212988573956146e+00,1.989921389594367929e+00,2.783684816626565972e+00,1.871043996610206150e+01
6.103337833109183208e+00,5.653302545716099026e+00,8.284692994491170026e+00,4.183338641022801063e+00,7.982931972091867223e+00,3.019878805069556194e+01
7.161506742231935618e+00,4.639324866883361764e+00,2.946193963461931631e+00,7.509397983633182783e+00,3.262539180411467843e+00,5.663763835224465026e+01
2.726240007335337445e+00,9.720053296315370517e+00,1.431527766705997795e-01,1.013728975531591470e+00,2.993833737053482658e+00,2.671974421222684626e+01
4.135491015253514924e+00,6.085272726964666035e+00,7.378695185615300467e+00,2.778527760897122612e+00,2.325059922078311914e+00,3.499190200509047344e+01
1.218860933369475541e+00,3.495063720868187840e+00,8.341445970006757804e+00,2.763191084658536134e+00,1.296789782242353528e+00,3.084206026519196087e+01
1.811493495346803151e+00,1.140957848879333714e+00,7.404761319535191788e+00,4.320189275945059748e+00,2.564630610167659697e+00,2.209438460431659479e+01
6.811178539649827890e+00,1.512468287349345575e+00,1.428502873008385965e+00,9.803687409421851129e+00,3.553197484738876977e+00,5.761181761318667327e+01
1.814383476956269448e+00,2.253169299512350676e+00,7.534279222569690404e+00,6.750254668382194012e-01,6.739942081457304113e+00,-6.743965000559821732e-01
5.251633836670601241e+00,2.509666613402980140e+00,7.689227821076409342e+00,5.187009943805950485e+00,6.256484221945157742e-01,4.342514054052996642e+01
7.090462617224327246e+00,8.506160578411378737e+00,6.585405156700549156e+00,1.793646820122104524e+00,2.105069396653429514e+00,4.601455640824546833e+01
1.068769230947438365e+00,5.612227882825249203e+00,7.661159327955862075e+00,9.706765454097441292e+00,8.090236402916763936e+00,4.894375091110678966e+01
5.673122196289035912e+00,5.233909113743663966e+00,8.459214396777321454e+00,1.133035047274641993e+00,1.469219235837707638e+00,3.256009510487231040e+01
2.565627837013637613e+00,1.147688718692174703e+00,6.136041142374583757e+00,4.036010023615911990e+00,3.426451465225215376e+00,2.727984423502854128e+01
9.629268752375798712e+00,8.601396933494349639e+00,8.860471396967906088e-01,7.378849848346061613e+00,8.646589218581400615e+00,5.312303494331274578e+01
4.835456467199247044e+00,7.228143032084837216e+00,4.876278096672108653e+00,7.045544280274453008e+00,1.549253111434426566e+00,6.649090020582580962e+01
8.059925497751581958e+00,6.766836190000158346e-01,7.764933467160506364e-01,4.227286368939322969e+00,8.273683561818989673e-01,3.684687182721922483e+01
5.502265421562617220e+00,7.078350972297686283e+00,4.075430310324308358e+00,3.465241679527182317e+00,4.845379950800108304e+00,3.861120777008938632e+01
4.341253285481916357e-01,5.435382173426460461e+00,4.071064891256276574e+00,3.976123785528705490e+00,3.024195112785363904e+00,3.090057751568982525e+01
6.331513755940223476e+00,8.172534574677825514e-01,6.600984414024158031e-01,2.642762631586392796e+00,5.634083644838541183e+00,1.029008693418134612e+01
9.514033422066569656e+00,4.583006415286564383e+00,3.488205339694792961e+00,2.053329387067997835e+00,8.038048904834750985e+00,2.113168176559464939e+01
6.016118201463312332e+00,4.846962871300469544e+00,1.109980987913148365e+00,4.830396975588899799e+00,1.371484881527431643e+00,4.344984284135023955e+01
8.191888594267901169e+00,1.657745401632757520e+00,8.082352100092220937e+00,2.685337560676073210e+00,5.806990845542849833e+00,2.261039971137478943e+01
8.842064633484078229e+00,9.456981470002823187e+00,9.476880259644707039e+00,2.874616648972501132e+00,5.055087603898638982e+00,5.059765117194661599e+01
2.280797719489324749e+00,8.499753714806619342e+00,7.231647525793860609e-01,6.567560634745570169e+00,1.440787860131995668e+00,6.021519889030626871e+01
2.120448399082266455e+00,6.690223373291082964e+00,9.551152072917014735e+00,9.685373316998921567e+00,6.239984855289824495e+00,6.091029162379572881e+01
6.109809888509917464e+00,4.622955610006071581e+00,5.225765993367451401e+00,6.036372005593751311e+00,2.736404178607716453e+00,5.140925677628680290e+01
4.110284698067046882e+00,4.117655415845085543e+00,2.995656779538738768e+00,7.697946706496627822e-01,4.878343185440124685e+00,1.158148666996321552e+01
8.398613028667202940e+00,6.509734671509541215e+00,7.686207527616351065e-01,7.558361385406697774e-01,8.227232427706188123e-01,3.625961473931275236e+01
9.000231233980111156e+00,5.454318694069054452e+00,5.006242680704177772e+00,9.514232208455659645e+00,4.595840572136230762e+00,6.922573768909097680e+01
3.534213793027181083e+00,6.227310588188561535e-01,7.945155444907486597e+00,2.972907903073336300e+00,3.064634680428203417e+00,2.095330319940140740e+01
2.368705589744820372e+00,5.125026487703316924e+00,7.070864772666981324e+00,9.206698608247543270e-01,8.223812111853543882e+00,6.452506808908179181e+00
7.805255152438618005e+00,8.064036172328394869e+00,5.022601146397376315e-01,5.990445871503816022e+00,5.697872699736827862e-01,6.782039555415620669e+01
2.748060355481360961e+00,4.592398775969580349e+00,7.290183536790351138e-01,6.236487782902661259e+00,4.186072749183299635e+00,3.835405237718093474e+01
8.226143185136784552e+00,5.195657755426841273e-01,4.028732826326370642e+00,6.485048201186881300e+00,4.584314241314380034e+00,3.688841964206854840e+01
4.237382536487627860e+00,7.862781993840330941e+00,2.952904940479432749e+00,2.674020278575413023e+00,7.250060762991187069e+00,2.750499631917435650e+01
6.675498992914704388e+00,2.013637821359743896e+00,2.323843230560478368e+00,1.511068421447503418e-01,5.742875750902109999e+00,5.411573670589857166e+00
9.553531383466817850e-01,2.586208348880387753e+00,2.810044989087136180e+00,9.650153694544718164e+00,6.672123371941810710e+00,4.319118704770374961e+01
6.238593246765730349e+00,1.647063534322958933e+00,8.034827432968846495e+00,2.508930456911024898e+00,7.770492856517561719e+00,8.912318373627721613e+00
4.517676787372291614e+00,3.302150648714975212e+00,9.292280536318539674e+00,6.760262880525474749e+00,8.622029736581888315e+00,3.076715518389405801e+01
5.866084631754740819e+00,7.567515056886350067e+00,4.051026945275664204e+00,7.066298698787095489e+00,3.138754967224705261e+00,6.283834834411887016e+01
1.680142077448634197e+00,5.193858595039372972e+00,9.061110021324971342e+00,6.100074170794856698e+00,5.380227053639029755e+00,3.912508371918660544e+01
7.368737449441820964e+00,2.048812741507125779e+00,3.214957012478819820e+00,3.129073942136482156e+00,8.401080784391998790e+00,1.250218371205558299e+01
8.627970775432284967e+00,8.778300781520409046e+00,4.764369863437916131e+00,2.710962537640657644e+00,9.894511309650564357e+00,2.809838540548895125e+01
2.167398000907756472e+00,8.795818549515292517e+00,2.260289978159997215e+00,5.976682827027031131e+00,8.895193110437631390e+00,3.681304650111079013e+01
9.571455552016172597e-01,8.705784250460069984e+00,6.404760421758439293e+00,8.660956336116914400e+00,3.714672626243768150e+00,6.483705859960709006e+01
2.363858604633639615e-01,2.387962113815392584e+00,9.789811151748089912e+00,9.467337289233956454e+00,1.951665172186504149e+00,5.218070636672976548e+01
6.419715004432660521e+00,4.512393441809880557e+00,6.034930960433786851e+00,1.059058044037576307e+00,4.893925374065887013e+00,2.271847551471307014e+01
6.070940360887807863e+00,9.849896561408751694e+00,3.578140841135488692e+00,1.548286125977198502e+00,7.416414518360422647e+00,3.131322531976754675e+01
5.466974127140700190e+00,7.720124763099903475e+00,6.478174459905283733e+00,9.447362587830795633e+00,4.925690707532975665e+00,7.006174358458440565e+01
2.319470961159754374e+00,2.716742122555981798e-01,1.229206784653875673e+00,7.365352283347926132e+00,4.831808633136684961e+00,2.855909919349489101e+01
3.909059959055146471e+00,6.520459126049205079e-01,8.886590802653985932e+00,8.829938248297731107e+00,8.382304210818006140e+00,3.432844720851849729e+01
5.944763351861730882e+00,4.639313768123328074e+00,5.030839507798363641e+00,2.026326341353431815e+00,3.614037790671863704e+00,2.588899995623167882e+01
4.967668588591694245e+00,9.092202058615601601e+00,4.493497420396420416e+00,5.875858711094018361e+00,8.597946748116456206e+00,4.310420833267729535e+01
9.877855202148872138e+00,5.387017979527142231e+00,5.858647884535192141e+00,7.011395944174736883e+00,4.068048009517235997e+00,5.739415688825037876e+01
1.364397525567331293e+00,4.978125080342902464e+00,6.247838627894024555e+00,6.801118854469726749e+00,3.282331056783394096e+00,4.669860199911470744e+01
6.951445540475937435e+00,1.054736999566305844e+00,7.177580622651302811e-01,4.081516908666981358e+00,4.539899111996989589e+00,2.109088187324357122e+01
4.043187681042921255e+00,6.567801047242940449e+00,6.826172212234023817e+00,1.539489169130847657e-01,7.624469586748684691e+00,1.210604009110904045e+01
4.281996149256147355e+00,8.221031606002254577e+00,2.419316803155295847e+00,5.829260568042631263e+00,1.260020278639942815e+00,5.914274733445714105e+01
7.175977656581762787e+00,3.804200075075623300e+00,7.139526325065897794e+00,2.531015391796087588e+00,1.964192158720173831e+00,3.567348521988090937e+01
6.924361513243696642e+00,7.756118509253274951e+00,8.225347943841967435e+00,4.502542461428903131e+00,9.514448256630918976e+00,3.394365225125094554e+01
9.912559937021882206e+00,9.644766539008116979e+00,8.039585075525202740e+00,9.575810150838172774e+00,1.754916273813573735e+00,9.481743621373669839e+01
1.283942894541252322e+00,2.037664591276890924e+00,5.525009674078891209e+00,3.990353176424346948e+00,5.677273179310545537e+00,1.720039343443879076e+01
1.041096493841663362e+00,5.233296311947412960e+00,5.201698923107511696e+00,8.398016066644267141e+00,5.793144666619378214e+00,4.001796040537236365e+01
7.243388171287411303e+00,2.871379580845755619e+00,1.428759613394117167e+00,1.885406057492511334e+00,4.896244620502447908e+00,2.110752208994074053e+01
5.783869170064090959e+00,7.928544190338393527e+00,7.753461504031355922e+00,6.724604980250288300e+00,6.447452485768185859e+00,5.418681606930933015e+01
2.741606665598058434e+00,5.775933658811575278e+00,2.714093804467143656e+00,9.770069544389434313e+00,2.298267257976184474e+00,6.370956386216861489e+01
7.941936898898660502e-01,6.345824175503037345e+00,4.966954228179465858e+00,1.018931008729367926e+00,5.526622677767481839e+00,9.473499244624495219e+00
8.565824959643053571e-01,7.979141596158941141e+00,2.842740929275167083e+00,8.319942227192012041e-02,3.721732552468971278e+00,1.967554575341211276e+01
8.941908746641182404e+00,3.959704726624548865e+00,1.338283629996931401e+00,4.335827926326143000e+00,6.616672596291889974e+00,3.037018157102405880e+01
1.918673247187429043e+00,9.150900684070432334e+00,6.295576968917365512e+00,9.262548305136719673e-01,1.412235433731494627e+00,3.252570386122679480e+01
3.233715621155207387e+00,5.330288672461399813e+00,5.433203482290382969e-01,7.483843496762313308e+00,5.708774168394762150e+00,4.529748149716586880e+01
2.266564022269879963e+00,1.579548228353480077e+00,7.486452341261999877e+00,9.145486638485589737e+00,1.852703553833237038e+00,5.386142718373127281e+01
3.549963058319373310e+00,6.958991181688024774e+00,3.175867952611166611e+00,4.340209727087588121e+00,2.786430631150364157e+00,4.103073922692246356e+01
6.942384274609336714e-01,7.932613504382544534e+00,1.346930044853200670e-03,2.587116421554409573e+00,2.187098003235832255e+00,3.199452888196571720e+01
5.190597909082703687e+00,3.167616770675266480e+00,5.111291392372297793e+00,4.344033190066097561e+00,1.828377798688171074e+00,3.662321901336277818e+01
6.761256359221490264e-01,8.571792569987529475e+00,4.685190852760312552e-01,7.234478178500010515e+00,8.257109515606670058e+00,4.090459366697015753e+01
8.003565078223616069e+00,9.061432547657663150e+00,2.761695578208994917e+00,9.054161580370978513e-02,2.857075676608903159e+00,3.857649856746283490e+01
2.337120819104330227e+00,2.769044873778089055e+00,7.069764874557161960e+00,5.894539894846971606e+00,9.271237818644493700e+00,1.923925711276677220e+01
5.400119146045105900e+00,9.835214727152219893e+00,6.268962162186586529e-01,6.132916848873790627e+00,9.699265253451908819e+00,4.290944118816346275e+01
8.800790875614582731e+00,1.407115280487584164e+00,8.393384923560024191e+00,6.376882468959355066e+00,5.712604699370973371e+00,4.428859455089052943e+01
6.508773690471941542e+00,2.020156684024899896e+00,3.819922658583108088e-02,2.420220799808772139e+00,1.430011226657263990e+00,2.690756002016001958e+01
5.329577865513352997e+00,1.842248392380261279e+00,2.468238692019022462e+00,7.140527233781267746e+00,3.745482433795812582e+00,3.952246087085430304e+01
3.243337531153756004e+00,8.939897100078704639e+00,7.409040561520714441e+00,9.139148633177640590e-01,7.977322633482140546e+00,1.854744088511099420e+01
3.330019130581979070e+00,6.542925523249618180e+00,3.162701497293067820e+00,1.992703364668008126e+00,3.673907286970704789e+00,3.098405464106149765e+01
6.694869551981900813e+00,1.521042832222728736e+00,1.018923880660135284e+00,8.774700466544819832e+00,8.701721830278874581e-01,5.769579633823079234e+01
9.941393612211674835e+00,4.403234183683490066e+00,3.602339188004278547e+00,7.387231507265664021e+00,5.567849109281879372e+00,5.440334404457066597e+01
6.618391898493785952e+00,6.152980250698020015e+00,2.703932863845255330e+00,1.374555401134525123e-01,8.451208514960347529e+00,9.214235212893386873e+00
5.577834173700249032e+00,8.346408498938329146e-01,8.427119021605548710e+00,2.483762603698002280e+00,7.959263871435023674e+00,6.306362114058235768e+00
7.306505102392461204e+00,8.824163684073386804e+00,3.133479175851431542e+00,2.144064829931645377e+00,1.751231401303532387e+00,4.615426362992379694e+01
4.652056122837181285e+00,8.036035354415352217e+00,7.889324717760072048e+00,2.708063280369725767e+00,6.727646144124666883e+00,3.295797434973601980e+01
6.014234260078521466e-01,5.052067735766382128e+00,8.918721448107348237e+00,2.475597702798864042e+00,2.205042634356471076e+00,3.122135283832794883e+01
5.622968158779098502e+00,9.671266152591703857e+00,4.338174195765295060e+00,6.252629574284573888e-01,2.182075345521722554e+00,3.940117354184088327e+01
9.576252845053801366e+00,4.177609792750996753e+00,9.099431438543920336e+00,4.589405165968203804e+00,8.740717733051852179e+00,3.115178683884601085e+01
1.753029423576596413e+00,9.841103190364977493e+00,3.773180539631928454e+00,7.327334747861651287e+00,2.496689527402301323e+00,6.096464279505849504e+01
6.900048908206657394e+00,6.679199988036270241e+00,9.640784164901081255e+00,6.067317247174363715e+00,2.632473465180111827e+00,6.161320766574650776e+01
2.009336886590564752e+00,6.346712732539414148e+00,8.928952452557292752e-01,6.728716685980797862e+00,6.533907612995548675e-03,5.933699598712475165e+01
5.358276844730812449e+00,1.659548952957849988e+00,6.870192665032427648e+00,8.114917853623915267e-01,8.706690341255177046e+00,-1.981979723111422675e+00
9.667644964671961993e-01,8.819277583046439162e+00,4.938140404569287156e+00,9.514907101767871467e+00,7.925948132091347631e+00,5.465231537508596205e+01
4.503709362581851394e+00,4.274896879206151468e+00,3.876488054556470608e+00,8.384918338430248141e+00,6.273289350906780193e+00,4.569653372591267981e+01
7.561633288952460674e+00,1.622334057824793563e+00,6.327118787486009310e+00,8.050903184956627712e+00,7.502657639388422339e+00,3.871604388630399285e+01
3.475715242389820769e+00,1.260751997575904060e-01,7.038570916343312334e+00,8.229838050417674467e+00,1.520485674244917984e+00,4.910617742422744669e+01
6.649117244872179810e+00,5.597556836383825285e+00,4.363269650309087311e-02,9.327105081327612623e+00,4.583235945875754780e+00,6.482608215892936698e+01
7.954499607897291824e+00,5.273996221226763481e+00,1.669530887471987191e+00,5.442539661136977180e+00,3.512193873487809093e+00,4.615041043505086549e+01
9.271778194794526584e+00,7.193536223691586073e+00,7.130460506343187177e+00,2.002820178676258944e+00,9.377652625701649036e-01,5.406987837586757450e+01
2.346420818554535437e+00,8.902580530178020979e+00,6.663854135782064425e+00,6.167836078525411381e+00,4.861304852149240574e+00,5.213591857350150605e+01
3.993159158093081196e+00,7.940658464302952080e-01,9.660475051286772086e+00,7.428814936679390080e+00,9.207396503426354073e+00,2.751982784452990671e+01
1.524160133304174325e+00,7.314964903403623708e+00,7.610377902507829972e+00,7.379173933540253749e+00,4.005911905069448053e-01,6.180824452728334251e+01
9.924835021583751526e+00,1.874119440975822171e+00,9.507727077313379738e+00,5.214490241668801040e+00,2.914609134937938606e+00,4.482286739745097037e+01
9.270009679242953382e+00,8.581770531571638827e+00,7.025405015348069604e+00,6.845871933357805528e-01,2.075409362057034635e+00,4.469680272184807279e+01
5.399571302805595607e+00,8.190635138616560340e+00,2.980522086394431724e+00,3.711129384301278478e+00,2.381466536656962951e+00,4.927812522998397782e+01
8.420332943764211819e+00,5.407937549855443393e+00,1.053649222508564742e+00,9.207666084633572723e+00,9.084345518793753627e+00,5.596931866098957187e+01
5.209579772720421609e+00,7.102427986233115220e+00,7.818238633449356101e+00,5.844489097574260050e+00,4.680690542342901495e+00,5.222809450933771558e+01
6.235856880027597526e+00,3.143501131837483697e+00,6.441492214759159118e+00,5.383319432557134299e+00,4.662994129398187582e+00,3.756521548391427245e+01
8.912443211601661641e-01,4.711678989328146550e+00,4.818601239329622921e-01,2.688535143821935147e+00,7.605756424552822637e+00,4.731123702390679142e+00
7.552704204968079260e+00,8.216368977104716365e+00,3.600504659009783559e+00,3.684489199165788875e+00,1.544922040049258039e+00,5.780244869187467316e+01
1.277134836352348257e+00,4.592651971732139238e+00,9.567998154842861425e+00,8.953460891531692667e+00,4.872653541000508071e+00,4.933615764847804996e+01
8.260676302525283177e+00,3.577982653254418111e+00,5.004011457102012450e+00,6.664630475268356946e+00,4.299852141210597445e+00,5.343783935561945952e+01
7.820280876703859185e+00,4.942124472502999133e+00,4.327291360197046188e+00,7.873870267523328081e+00,5.969106905466561308e+00,5.352384217301917602e+01
7.087446977429764594e+00,8.282492524372184306e+00,4.576996051592939985e+00,4.543454230676551298e+00,9.995577032504385784e+00,3.722257375487785680e+01
3.616038052476211462e-01,3.352080473708727304e+00,2.088827240051637446e+00,6.302472194561579144e+00,7.694488940820471079e+00,2.161061938211228650e+01
3.031283559453286092e+00,1.737615931357437971e+00,3.687071708647952306e+00,2.483836087432075068e+00,3.978657030174272080e+00,1.332816913505550183e+01
2.631125699108428861e+00,7.120140203307807170e+00,3.698132559871766034e+00,7.054608302834862954e+00,8.275530522740469408e+00,3.787939549037681530e+01
3.601364074715190711e+00,8.259782127080818270e+00,5.235502018747240083e-01,4.276013337033372608e+00,1.707083633124801825e+00,4.782084966271049353e+01
8.764274676383854157e-01,1.006374785235333302e+00,7.675676285179182656e+00,4.425455148147455553e+00,3.046368630896012508e-01,3.067981596979131353e+01
9.369578230310628086e+00,2.398741127559447239e+00,4.165044319038790022e+00,6.493223245768816376e+00,2.044483724642730316e+00,5.450488005017031412e+01
5.538022407123762925e+00,1.419719897609938997e+00,8.221798868164233554e+00,9.362806214689266326e+00,3.404115561142596391e+00,5.486016551504059180e+01
3.055243106580235235e+00,3.479414115821666265e+00,8.503480011198954358e+00,6.400634660862092318e-01,5.105807574595599085e+00,8.352100352233927438e+00
3.969815170742834187e+00,4.503509789054126244e+00,2.119940546986580632e+00,8.247432373470076072e+00,6.151291405411997815e+00,4.545057169269401953e+01
4.472025405048356106e+00,7.488263369633064492e+00,6.573534821701285225e+00,2.923831104121931368e+00,9.106057172144216949e+00,1.773912414519393010e+01
6.005943333606173162e+00,6.511475848816741241e+00,4.722818041629817110e+00,4.439194545063777753e+00,5.098540095504576541e+00,4.172441190286003376e+01
5.156794276964977719e+00,6.209285674784311482e+00,8.801567379214850106e+00,2.191332877500895560e-01,5.012756446257293774e+00,1.744018391843526317e+01
9.193919732144173906e+00,3.523749466096544047e+00,2.157406791764540976e+00,3.010460778343130528e+00,5.024300982298213203e-01,4.127614004907495371e+01
4.969634829058302117e+00,8.414475530847600027e+00,6.778132003100441949e+00,5.026312426301304370e+00,3.491155265622380988e-01,5.928128910980800725e+01
9.921580148233125840e+00,4.712871673981645415e+00,6.077521222527225930e+00,5.617607734743901293e-01,5.511599619163720654e+00,1.970675594381980744e+01
8.514249577450957673e+00,9.791049380151545023e+00,2.953014775718327822e+00,4.910957293831651249e+00,4.381786132483444618e+00,5.657668774869905803e+01
2.085105143573358077e+00,6.341421382957368458e+00,1.366009036511726116e+00,9.271106288584272548e+00,8.391803949802985940e+00,4.363955663252610151e+01
9.305952146439162576e+00,1.262647415645027360e+00,6.516397604772765639e+00,1.053932181078052199e+00,1.606795847118451803e+00,3.001383698128783095e+01
1.163663978854760916e+00,6.761775620754340466e+00,7.385974581323306865e+00,7.644407280755043388e+00,2.497166211704959782e-01,6.272676929910751653e+01
8.174497084911916289e+00,3.251040154316990005e+00,3.156273437633499768e+00,4.096710533759926776e+00,4.490387679301258927e+00,3.504814119502346870e+01
3.806232934765800824e+00,6.863271966860974516e+00,6.448326040223138378e+00,6.551737145243380134e+00,2.374785567522574858e+00,5.786173658688792898e+01
8.779743204450694449e+00,6.964114816240574157e-01,3.951309076115032681e+00,2.602365979852293343e+00,4.961437333883744749e-01,3.340990446335911912e+01
8.680566901074502795e+00,1.748814371759593866e+00,7.132068832826177207e+00,1.594922625413582873e+00,7.245982868476289696e+00,1.225538893402792873e+01
8.059254001176212157e+00,8.557372589057862911e+00,1.992152748940531071e+00,1.604626142712264336e+00,1.115929999572474740e+00,4.507145533164168683e+01
7.900304363070613789e+00,2.271795570235148887e+00,8.902150026361743684e+00,7.049194564314464895e-01,6.083195000077717296e+00,1.524393782851005241e+01
3.046791390980407854e+00,8.370411252429400761e+00,2.874095964655797530e+00,1.856467049012430204e+00,2.810497501668891562e+00,3.710710054890816423e+01
8.091928305125217769e-01,2.792760884544104094e+00,3.677859877561528990e+00,6.642193849889682866e+00,1.734960503550220245e+00,3.647636860399050107e+01
4.029801787651614120e+00,6.428819100587076285e+00,5.809195208034978464e-01,8.816906118435079875e+00,3.797515229193174413e+00,5.828044836028931286e+01
1.735245149865086711e+00,6.941505735098310481e+00,1.115122123212763938e+00,8.141256855911617407e+00,8.014457762229536542e+00,4.095585887474696563e+01
6.949510889024617555e+00,5.126547531450529327e+00,5.158619027123281242e+00,6.851343098744840709e+00,3.920935769045726715e+00,5.242280648272910071e+01
3.460997265377855570e+00,3.053106766967312868e+00,2.675926767279714902e+00,1.104318634111026709e+00,7.507696492110556896e+00,1.429713016432698991e+00
9.756102008599148334e+00,2.126443763710961221e+00,8.354802257421944489e+00,2.891874462959498349e+00,1.254862967991506872e+00,3.930717544305189648e+01
6.409720773453320142e+00,3.318935456242622095e-01,1.469338865495384283e-01,3.098068753224689775e+00,7.727714196650791401e+00,1.052590243883847521e+01
8.224805636343608839e+00,3.039464012407238069e+00,3.790940486719361679e+00,2.499569463976212269e+00,2.369333249066486680e+00,3.523441831463740925e+01
1.325246727418484260e+00,6.531627905312830329e+00,3.373455467690926746e+00,5.150056597097231403e+00,6.773931298888728136e+00,2.978574205470532377e+01
8.620144822726224731e+00,9.383048184484826137e+00,1.932763091760103524e-01,5.355538148796725295e+00,5.657815548409963924e+00,5.734428897888813026e+01
9.227571905133943986e+00,8.712044822630520713e+00,1.243683990005102213e+00,3.568859751711102035e+00,9.291447172116873432e+00,3.739487836408150656e+01
4.870619188189358795e+00,7.660647765353026273e+00,4.136426749186352225e+00,3.537891587364359935e+00,3.873225179753140068e+00,3.973328246847686529e+01
6.062529377509774164e+00,7.884473432532987047e+00,4.928645844474466742e+00,8.285555979060813314e+00,6.616518883444044707e-01,7.605319171604266160e+01
7.648098009029954625e+00,6.649849034759952815e+00,4.042897472548690807e+00,7.892928483196856249e+00,1.915548555125290431e-01,7.631345583400008081e+01
1.748386272604125491e+00,2.602868575660029826e+00,5.309376784120938275e+00,3.077958316807456463e+00,8.268585609727530539e+00,6.267373668099390116e+00
5.025660764634424460e+00,9.071950307058298080e+00,5.951316749056815070e+00,9.137884438732593040e+00,5.247356376614321860e+00,7.046830468609900322e+01
3.986630277723131055e+00,6.707323119058340666e+00,9.923821127835630307e-02,9.528150170025060817e+00,7.752440518349493104e+00,4.937428534895528998e+01
1.463739921622491114e+00,5.604406309804399910e+00,4.640951594535039249e+00,3.267425420300408057e+00,2.344256000115146676e+00,2.975988478318062036e+01
3.675344222915314596e+00,1.109894692134810734e+00,9.634992408875882930e+00,3.544249487930548614e+00,3.450837455132337084e+00,2.271865807373998081e+01
6.817230938549356800e-01,4.470555438064254261e+00,5.190322801295486954e+00,5.056341534219588318e+00,3.010387221131893831e-01,4.159753419865708679e+01
2.581190694948698461e-01,4.603582712019262502e+00,6.775422674589531624e+00,9.411208125336735009e+00,9.614923245741120894e+00,3.987105285538223143e+01
1.351662891548227607e+00,8.645636095226699069e+00,3.118638579168831804e+00,8.763194331423115102e+00,6.678679067008133963e+00,5.120751192965414589e+01
9.631151115891738002e+00,5.466482201877884251e+00,7.739913781527625325e+00,1.025679625835898001e+00,9.332050877593061955e+00,1.767512970825298879e+01
5.495295358950169629e+00,3.804005489704096465e+00,7.729214818761151129e+00,3.927307432714162161e+00,2.654964074290723453e+00,4.091708575374841672e+01
9.658221611532200157e+00,9.768003285106592770e+00,5.212960476541389276e+00,5.533711897497718191e+00,6.114636112256608413e+00,6.509448395821922873e+01
4.324978783301319574e+00,1.107205933263156750e+00,9.760138232792135327e+00,5.031324725515400331e+00,6.784999682926377673e+00,2.084447421521812061e+01
3.118161330852595725e+00,4.225484283119445905e+00,1.255502147626533782e+00,1.938630679368926746e+00,3.175497002575884409e+00,2.069004787943417512e+01
5.061418628402440945e+00,4.202467517140529019e-01,1.694766488958099337e-01,8.588167711681546024e+00,8.481092350156300697e+00,3.010539805873106900e+01
4.395116886329101469e+00,7.399041207669303510e+00,7.701582117570959340e+00,6.769407829968373314e+00,9.471614629002477415e+00,4.066130718039261893e+01
1.056646842617439130e+00,9.180765521991506972e+00,8.071555373648825693e+00,8.379083748518036501e+00,8.848551176960043563e+00,4.884344274726524304e+01
6.408263146902061891e+00,2.800373295504894333e+00,1.202072291205762422e+00,8.587642793494721261e+00,7.390669759393725613e+00,4.345683779421421633e+01
2.160381825095996078e+00,8.583416767991208118e+00,2.655828329586060743e+00,7.483558536657398008e+00,2.774646797249540331e+00,5.542828824005764687e+01
6.195879548978295404e+00,2.922182304618977433e+00,1.755236336662890917e-01,4.392106012497173140e+00,2.816160421056317364e+00,3.612225560808884239e+01
6.502010923981533352e+00,9.107701616439152659e+00,2.933086107805646936e+00,6.105467550154245693e+00,9.633603204460378322e+00,4.367255369589738478e+01
1.520248531286481075e+00,7.539619035967839444e+00,7.731418739186715072e+00,1.603654061197431480e+00,1.028449593569202847e-01,3.678984917442970470e+01
6.134962711066815899e-01,8.049067768414385426e+00,5.179605277125789442e+00,6.736454174749076707e+00,7.160499732421444996e+00,4.425849455393957754e+01
7.807615860684398612e+00,1.800655560045449910e-01,3.480955931682880866e+00,1.792532557392807480e+00,7.062461625552622024e+00,4.321316227948940103e+00
4.598004237693201546e+00,9.628103570740259798e+00,3.717392949063302865e+00,6.939495905101567885e+00,6.226895409497974043e+00,5.514965698102270153e+01
5.816379550547579047e-01,7.266709920703232406e+00,1.353625715468154134e-02,2.295981607539686387e+00,9.901088460868658458e+00,8.729923060298478532e+00
9.948663171697671004e+00,3.047510953861332972e+00,2.998005275652358748e+00,1.175513001502199728e+00,3.118794357637252546e+00,2.539592116770504759e+01
5.778056099636663667e-01,8.293946648588470083e+00,6.464587416379305118e+00,1.652844901429574298e+00,3.399718637932481968e+00,2.623458290135974380e+01
6.950352288585532001e+00,2.815211984149299518e+00,9.741944438163571363e+00,1.992135219070267915e-02,7.893940294655554801e-01,2.465468657439589606e+01
9.836789252634135394e+00,8.727538395661278869e+00,8.470608269838994175e+00,7.187396178535302660e+00,4.427981365437374528e+00,7.442600358779509406e+01
2.391801042159256152e+00,1.125803904119370147e+00,2.359496464552912620e-01,7.324010490583790833e+00,2.610485262348480884e+00,3.748319030048440936e+01
1.422493686871961760e+00,7.036859774607957974e+00,8.985606046748394249e+00,5.149333499132594305e+00,3.433867021776442208e+00,4.130818545697110977e+01
1.213849394224288947e+00,5.406984766449102864e+00,7.831984132986259617e+00,1.613628010553836978e+00,8.345717902556277323e+00,4.531294373134986841e+00
3.032751475675955710e+00,9.653447019544081353e-01,7.803761235709804289e+00,8.355433751068974679e-01,9.354845135274956647e+00,-1.223810972164476851e+01
1.010458110106466911e+00,2.418938282588389832e+00,4.579957590035714787e+00,1.912896643728700941e-01,1.857330720051856288e+00,6.797723934258650402e+00
6.921613416941319485e+00,1.240403627731478942e-01,3.980052929545028206e+00,1.657481769652207060e+00,3.725089315534658496e+00,1.416920260589131786e+01
6.229179813006269217e-01,4.687679654645058314e+00,3.029157288331925990e+00,8.908555349831466685e+00,9.286305621153941203e+00,3.434372496817384501e+01
5.094221281497897102e+00,3.012652607600003751e+00,6.569485895436577572e-01,2.415368417016817482e+00,6.180846068922263292e-01,2.622543943687823997e+01
9.966968538529767940e+00,5.983574842977588126e+00,2.282353634936991060e+00,3.542713272172156813e+00,9.236052811137851482e-01,5.609647091610193570e+01
8.139702695060188731e+00,2.972378077086172077e+00,2.466036349780246439e+00,1.053454844813331848e+00,1.627909892062293640e+00,2.731824003614204344e+01
6.152194382310108622e+00,2.999191115069846703e+00,4.840770697102016129e+00,2.223613047481702854e+00,5.952128341268747569e+00,1.975309176717085080e+01
3.062536207866116911e+00,7.431931987316033883e+00,7.474444065966939554e+00,5.192245707802051413e+00,1.504722710059974711e+00,5.449354747407547706e+01
6.238958362916385170e+00,4.814283597835344874e-01,4.738098283979466530e+00,6.077526830956525572e+00,9.680763814507335141e+00,1.983923957390525672e+01
5.270414639116516753e+00,9.028949951919871708e+00,5.784444944716060633e-01,2.453523141662110607e+00,4.467145272585203664e+00,3.771617189468364728e+01
4.260833838903714366e+00,8.522638743911814529e+00,9.577898009882039432e+00,5.773215922511720777e-01,5.015179603501663586e+00,2.941205357764026118e+01
1.307103767401994743e+00,6.678046832264064925e+00,9.427243190941123174e+00,3.910328691273986301e+00,2.466586158054064892e+00,4.055835588131003533e+01
8.866042152404666865e+00,5.932215701073842773e+00,7.851895431484083865e+00,2.342033709263341201e+00,4.709602524347334729e+00,3.684020960416179946e+01
4.497846488213225413e+00,8.923024981396523003e+00,9.913279015642205039e+00,2.195539232298019172e+00,6.619136326370115064e+00,3.638656405171063568e+01
1.946225118207650651e+00,1.853301795287144449e+00,5.444823328002629026e+00,9.598628027134552099e+00,7.511771369540428012e+00,3.941066755788930465e+01
3.677593508772896147e+00,7.896916219082861232e-01,9.627683502532061510e+00,6.163004859257240398e+00,7.538680827099129900e+00,2.388457429153432088e+01
4.141297525289270531e+00,2.395101699095381065e+00,7.560504061675077381e-01,5.568784431720958494e+00,5.778911126940883491e+00,2.380050529565390960e+01
8.275378955668742265e+00,7.945782787001903102e+00,3.656807482613713134e+00,4.157751035233219206e+00,9.043597749938571795e+00,3.329785670507335027e+01
7.336143805614020685e+00,3.467026672648332308e-01,2.253812680067658114e+00,4.289443334301442867e+00,8.174078473061094030e+00,1.434971416966400781e+01
7.693048936413397598e+00,5.828068350834896272e+00,1.958330841342700301e+00,5.409050038380808445e+00,7.570481146986254295e+00,3.847431749248460164e+01
1.103126442864721390e-01,9.954375161913098680e+00,1.408029488926760830e+00,6.964298070361072845e+00,5.560552168046062338e-01,6.271284509015053032e+01
4.161539981797615084e+00,8.556960938375393511e+00,6.224136415659966559e+00,7.021460961818294599e+00,6.877962219649313980e-02,7.228896232827752044e+01
4.813441516353236693e+00,5.214456890435894110e+00,7.813218557473050829e+00,1.716939077054495666e+00,2.124472771954729389e+00,3.456539390824616476e+01
1.919227682305668647e-01,6.364090928664234426e-01,5.782983994203606315e+00,5.001127520766269541e+00,6.635235939134522809e+00,1.167529954769058520e+01
2.598132087450342187e+00,8.313735143857098109e+00,1.469627095882096723e+00,4.119580950341019232e+00,4.111974888825457697e+00,3.685224622013627283e+01
7.602898231221350223e+00,5.989785081772105002e+00,8.111237699334708395e+00,8.705269662693842392e+00,4.024062592993117526e+00,6.846191343763034354e+01
1.371097057289990540e+00,1.149329970595668327e+00,6.359547071637284610e+00,6.314189212183763722e+00,8.845868882296137770e+00,1.279336401451091199e+01
5.353101314525916976e+00,9.385728482335620182e-01,3.881657061269955022e+00,5.325040664159818249e+00,8.955628481318386847e+00,1.444566774841430856e+01
2.152018720172375055e+00,9.096268194365924487e+00,6.741302955360629845e+00,1.153946421789173726e+00,9.091752640535856855e+00,1.263073635720184562e+01
1.212077464389327286e-01,6.692002629380784384e+00,2.599049792428328232e+00,6.056378893234114713e+00,3.138780765150273044e+00,4.152820928274613266e+01
2.412014575995415022e+00,8.292867993167554630e+00,3.451922084942105062e+00,1.172039056802334223e+00,6.910558127392617322e+00,1.404684433185157388e+01
9.758737549100537478e+00,8.789789002822672614e+00,9.174858431319902863e+00,3.372065755657520647e+00,2.716331812743696617e+00,5.893029529934918287e+01
8.015371118829895281e+00,5.717723520483222188e+00,2.905045056714203877e+00,1.428419648143318677e+00,1.906098330744497860e+00,3.493902330225503761e+01
9.595766443210333563e+00,5.174463517550412561e+00,4.699882681579365951e+00,6.920736470243689098e+00,1.846324573473692165e+00,6.027067603065442825e+01
4.878540439263624684e+00,4.304274103209902336e+00,8.901411373960145923e+00,2.062521138361526063e+00,3.421076208635940308e+00,3.127592999004016150e+01
1.097361986775035048e+00,3.169465877911192830e+00,7.077213502675274270e+00,3.918593731880259945e+00,4.299576197798216981e+00,2.411350773306128303e+01
5.479594889736929986e+00,4.345959608587117273e+00,6.220322616470275179e-01,8.956747776187786059e+00,8.309491710550684473e+00,4.341074703549561775e+01
4.543773345599609215e+00,7.738796557301563794e+00,1.473030442789703409e+00,2.043163833989702916e+00,1.198910934727120958e+00,3.969717604974712089e+01
8.443570827396159828e+00,6.019234310151315270e+00,7.841590771916817637e-02,5.078050639587790904e+00,7.349258473948942161e+00,3.598322162056284412e+01
9.808258078424458848e-01,8.925232899548461774e+00,6.309217902291633706e+00,4.192716611660220138e+00,5.314549141893053275e+00,4.030334065371977204e+01
4.882411370217782043e+00,4.433800143791877701e+00,4.476734254104183464e+00,1.812404104572973296e-01,2.879453426759924994e+00,2.136700946041622373e+01
1.500486646939842572e+00,6.070895787187540193e+00,1.342748509022755332e+00,7.927581135728127393e+00,4.928195845328246172e+00,4.705174050910262906e+01
3.246759268900599515e+00,6.313075530919887157e+00,9.579341210567704934e+00,6.904590631459972538e-01,2.999420697770226241e+00,2.672351024663470653e+01
7.373570773877996309e+00,5.916971623063255414e+00,5.296597239456199091e+00,4.742550209769536451e+00,5.960819552383060049e+00,4.132722098624021356e+01
4.760181293687665516e+00,7.026337730855162889e+00,2.418932941128892011e+00,5.606782949389499393e+00,4.338439228552442017e+00,4.415398843404358331e+01
3.758882851457693519e+00,2.374334683748062780e+00,5.006035711547075273e+00,6.284264566145870923e+00,1.644055290788787316e+00,4.280929783036879144e+01
3.944762785700353103e+00,5.123637775457906329e+00,6.796203327351078016e+00,6.886316293078755812e+00,1.165830745556967196e+00,5.785648572371675868e+01
4.594467684059866386e+00,1.042248028083476719e+00,7.623921797356447705e-01,2.532723835227150833e+00,5.466956820721301291e+00,8.050528818722943569e+00
7.850165438370568793e+00,3.845113276448125283e+00,2.747038150478919860e+00,9.978776658449373116e-02,9.024130332861034276e+00,1.598431060794269776e+00
8.920846889402344715e+00,4.876670686212643879e+00,8.069654908839936525e+00,7.234436623549119538e+00,3.439576865576855269e+00,6.217718669785939056e+01
9.553346865039282321e+00,6.522242595454724956e+00,4.596648704026612187e+00,5.356565993475785881e+00,7.330001072226232317e+00,4.560281562342534301e+01
7.869033862552950787e+00,9.505310525862034510e+00,5.465771420322949048e+00,8.361177032072488302e+00,6.586613549397669409e+00,6.913744650601789488e+01
3.154068957480127278e+00,6.006510665483558498e+00,4.328160022094692749e+00,8.213883629006943465e+00,9.315549143094809637e+00,3.749331050541535859e+01
6.881347060865421028e+00,7.435939161765597660e+00,4.389994264300511873e-01,8.433261677878832074e+00,8.209810172991408805e+00,5.239285689240673349e+01
4.376031240553919233e+00,5.062660594952027360e+00,1.657497798201559291e+00,4.850946599795401326e+00,5.666052589054629607e+00,2.945619986547787761e+01
2.546706220460511538e+00,6.341040313763313563e+00,4.455416387418908997e+00,3.336283958368656322e+00,6.570304982341072630e+00,2.527037752011287708e+01
8.408715794259226328e+00,7.093221613377342916e-01,2.091854654079278397e+00,7.915582025913700193e+00,8.983864665840348707e+00,2.840634764793810163e+01
3.842634896232499653e-01,2.543915808418470093e+00,4.997902865967873698e-01,4.512941130292549730e+00,3.995187845869347942e+00,2.153649234828885994e+01
9.017619921354235402e+00,3.618530932051386984e+00,8.436496640518237555e+00,1.834421964034345098e+00,3.267947058577773678e+00,3.525004839808584478e+01
4.614774646247341572e+00,4.724933550065135712e+00,9.811925291641157898e+00,8.549740195614743854e+00,1.081108363519633908e-01,7.013031988356324575e+01
6.372014768082804537e+00,4.564874550238373629e-01,7.931428739967394392e+00,8.825598767723473514e+00,8.265510741914642523e+00,3.220439370843966742e+01
6.593539222057827054e+00,1.400240975533176835e+00,8.537849217046669992e+00,4.663097561401700730e+00,8.009807004033648425e+00,2.022017165021149765e+01
8.951177407065364022e+00,2.768143077913057581e+00,2.419771303170453969e+00,7.569972730978746789e-01,1.044545181001513834e+00,2.793965219936232458e+01
6.366696821672073625e+00,9.715326909010506995e+00,9.606269755131997101e+00,3.878260899169312381e+00,5.768573811327001977e+00,4.674689586994940527e+01
6.139335847600618123e+00,3.313470071030507391e+00,1.969257044534283851e+00,8.035376594626033153e+00,4.639816981668873908e+00,4.843070567106694568e+01
6.665204056068996241e-01,4.820410581120825100e+00,9.514298103618322955e+00,9.017740285462286565e+00,1.187090955091114619e+00,6.513924056615022096e+01
5.184080219452040339e+00,1.960977127383929375e+00,9.948192939659509904e+00,2.034727424975958598e+00,9.805682270607235296e+00,3.311632928547195043e+00
1.501690008170416535e+00,6.107800710757683049e+00,7.117228057460486923e+00,6.697361202527152280e-01,2.146958874633554615e+00,1.994407192595084055e+01
7.374337687214856274e+00,2.806832155159742825e+00,9.811437317918219492e+00,8.773504531328386591e+00,6.723418009056114641e-01,6.673018941360227529e+01
5.122219208126744583e+00,2.069925784384267775e+00,5.695397795671036434e+00,3.894049389788753146e+00,5.948473795019095789e+00,2.027270559590875010e+01
6.802277792083533114e+00,5.165726284459790207e+00,2.595417831760903127e+00,5.417609642675632386e+00,7.388666771330326455e+00,3.489457769411319532e+01
4.167290060238426630e-01,5.505799160420821181e-02,4.369958856656208646e+00,9.680658120507589004e+00,3.244344604718696345e-01,5.160599701103738113e+01
8.479201604580322016e-01,7.664032649225327454e-02,5.935609353787859810e+00,6.656472791422285429e-01,6.587176387270221589e+00,-1.261036021394808593e+01
