0.00000 1.99343
0.10101 0.97600
0.20202 2.80043
0.30303 4.80364
0.40404 1.54179
0.50505 1.79435
0.60606 5.67358
0.70707 4.30255
0.80808 2.08125
0.90909 4.35785
1.01010 2.59842
1.11111 2.84632
1.21212 4.51423
1.31313 0.45627
1.41414 1.08552
1.51515 3.66330
1.61616 3.01474
1.71717 5.92142
1.81818 3.72941
1.91919 2.97337
2.02020 8.98180
2.12121 5.85148
2.22222 6.69061
2.32323 3.95858
2.42424 5.97184
2.52525 7.53498
2.62626 5.26367
2.72727 8.56958
2.82828 6.86943
2.92929 7.73984
3.03030 7.37234
3.13131 12.53284
3.23232 9.05381
3.33333 7.21791
3.43434 11.23095
3.53535 7.39670
3.63636 10.50864
3.73737 6.42409
3.83838 7.93959
3.93939 11.24221
4.04040 12.57794
4.14141 11.69627
4.24242 11.37476
4.34343 11.25638
4.44444 9.15407
4.54545 10.92395
4.64646 11.69488
4.74747 14.98293
4.84848 13.80845
4.94949 9.84766
5.05051 14.27443
5.15152 13.10862
5.25253 12.77747
5.35354 15.60719
5.45455 16.69836
5.55556 16.75145
5.65657 13.46298
5.75758 14.77551
5.85859 16.30899
5.95960 17.85008
6.06061 15.19317
6.16162 16.03272
6.26263 14.44390
6.36364 14.51668
6.46465 18.78667
6.56566 20.12662
6.66667 17.52265
6.76768 19.92626
6.86869 18.89499
6.96970 17.13400
7.07071 19.39956
7.17172 22.00537
7.27273 19.11017
7.37374 22.56363
7.47475 14.44738
7.57576 21.58320
7.67677 20.36601
7.77778 19.84643
7.87879 20.88049
7.97980 16.97436
8.08081 20.76268
8.18182 22.16877
8.28283 24.66286
8.38384 20.92306
8.48485 20.59513
8.58586 21.46113
8.68687 24.54798
8.78788 23.62720
8.88889 22.16270
8.98990 24.50128
9.09091 23.92143
9.19192 25.91709
9.29293 22.82822
9.39394 23.82952
9.49495 23.95316
9.59596 22.06287
9.69697 25.83466
9.79798 26.01706
9.89899 25.75770
10.00000 25.53083
